Stats SA CPIHistory.pdf, Table B1, CPI headline index numbers (Dec 2024 = 100)
Transcribed from the source table exposed by the web reader on 2026-09-23.
Columns: Year Jan Feb Mar Apr May Jun Jul Aug Sep Oct Nov Dec Average
2000 26.8 26.6 27.0 27.2 27.4 27.6 27.8 27.9 28.0 28.2 28.2 28.3 27.6
2001 28.7 28.7 28.9 29.0 29.1 29.3 29.3 29.2 29.3 29.3 29.5 29.5 29.1
2002 30.1 30.4 30.7 31.2 31.4 31.6 32.1 32.2 32.6 33.1 33.2 33.2 31.8
2003 33.5 33.5 33.9 33.9 33.9 33.8 33.8 33.9 33.8 33.5 33.3 33.3 33.7
2004 33.6 33.8 34.0 34.0 34.0 34.1 34.3 34.3 34.3 34.4 34.5 34.5 34.1
2005 34.6 34.6 35.0 35.1 35.1 35.1 35.4 35.6 35.7 35.7 35.7 35.7 35.3
2006 35.9 36.0 36.2 36.3 36.5 36.8 37.2 37.5 37.6 37.6 37.6 37.8 37.0
2007 38.1 38.1 38.4 38.8 39.1 39.4 39.8 40.0 40.3 40.7 40.8 41.2 39.5
2008 41.6 41.8 42.5 43.2 43.7 44.3 45.1 45.5 45.6 45.6 45.6 45.1 44.1
2009 45.3 45.7 46.3 46.6 46.8 47.0 47.5 47.6 47.8 47.8 47.8 48.0 47.0
2010 48.1 48.4 48.8 48.8 48.9 48.9 49.3 49.3 49.4 49.4 49.5 49.6 49.0
2011 49.9 50.1 50.7 50.9 51.2 51.4 51.9 51.9 52.2 52.4 52.5 52.6 51.5
2012 53.0 53.2 53.8 54.1 54.1 54.3 54.3 54.5 55.0 55.3 55.5 55.6 54.3
2013 55.8 56.3 57.0 57.2 57.0 57.2 57.8 58.0 58.3 58.4 58.5 58.7 57.5
2014 59.0 59.7 60.5 60.7 60.8 61.0 61.5 61.8 61.8 61.8 61.8 61.8 61.0
2015 61.6 62.0 62.9 63.5 63.7 63.9 64.6 64.6 64.6 64.8 64.8 64.9 63.8
2016 65.5 66.3 66.8 67.4 67.5 67.9 68.5 68.4 68.5 68.8 69.1 69.3 67.9
2017 69.8 70.5 71.0 71.0 71.2 71.4 71.6 71.7 72.0 72.2 72.3 72.6 71.4
2018 72.8 73.4 73.6 74.2 74.3 74.6 75.3 75.2 75.5 75.9 76.0 75.9 74.8
2019 75.7 76.3 77.0 77.4 77.7 78.0 78.2 78.5 78.6 78.6 78.7 78.9 77.8
2020 79.2 79.9 80.2 79.8 79.2 79.7 80.7 80.9 81.0 81.2 81.2 81.3 80.4
2021 81.7 82.2 82.8 83.3 83.4 83.5 84.5 84.8 85.0 85.3 85.6 86.1 84.0
2022 86.3 86.8 87.7 88.2 88.8 89.8 91.1 91.3 91.4 91.7 92.0 92.3 89.8
2023 92.2 92.9 93.9 94.2 94.4 94.6 95.4 95.7 96.3 97.2 97.1 97.1 95.1
2024 97.2 98.1 98.9 99.1 99.3 99.4 99.8 99.9 100.0 99.9 99.9 100.0 99.3
2025 100.3 101.2 101.6 101.9 102.1 102.4 103.3 103.2 103.4 103.5 103.4 103.6 102.5
Footnote: Primary urban areas through December 2008; all urban areas from January 2009.
Stats SA linked these series to provide a continuous index; compilation changed in January 2009.
